[Contract created] Contract creation tx: 0x2661b3184183913ee6d97bcc45f21ac356d6016b6e8fdd47427c79432f7437f6
[Contract mined] Contract address: 0x67e19347172549b43fa566513f1313dfe9244b20
- BICEmit 1000x -
125
116
122
127
118
124
124
127
118
122
Average: 122.3
500
1
[Contract created] Contract creation tx: 0x9175dc37c79c156a029d328d3e0e6f825b8d18a68dd7ae442a4f04ca47d46ecb
[Contract mined] Contract address: 0x25e8b51315e338a3eac63c3449009475e9e6bcdb
- BICEmit 1000x -
245
165
168
180
172
164
184
178
157
188
170
161
157
169
159
161
168
174
169
177
140
122
115
114
123
116
113
113
115
120
116
119
141
114
119
118
147
236
180
151
125
117
111
118
111
126
118
119
125
119
119
121
117
116
122
115
223
247
166
130
121
118
114
115
124
113
117
125
117
116
122
139
119
124
123
119
280
188
180
164
172
204
176
179
193
212
223
173
185
183
202
163
131
126
136
132
136
124
124
136
128
127
129
141
120
129
128
278
178
196
197
172
176
165
151
124
125
133
129
122
127
120
128
130
148
131
138
133
125
284
183
123
122
129
128
146
128
125
127
129
126
132
133
149
137
132
319
222
202
178
180
120
141
137
128
125
138
146
126
123
130
128
127
134
130
133
224
129
135
136
135
124
138
131
125
132
133
120
128
133
137
216
277
218
225
185
203
177
174
189
166
183
179
194
182
171
132
123
135
130
125
130
138
130
126
138
130
137
123
129
129
230
204
178
184
172
178
145
124
124
136
135
128
127
136
133
127
124
124
132
135
208
231
187
178
152
124
126
124
136
131
128
123
137
129
133
133
147
125
123
176
256
190
174
175
198
140
127
125
125
120
134
130
128
128
142
126
130
121
145
136
145
302
192
208
184
269
184
183
171
183
172
197
189
175
170
196
176
173
179
194
140
132
130
133
125
135
126
128
132
138
142
135
147
132
124
176
201
181
178
191
183
205
184
174
180
187
183
147
138
144
137
141
152
147
141
148
138
138
141
149
148
275
250
192
212
201
199
249
155
158
159
143
149
166
157
151
144
158
148
154
139
193
242
150
144
149
161
162
157
153
163
149
147
142
152
211
326
200
196
202
206
207
198
153
145
153
141
129
138
137
140
127
140
139
137
137
152
201
251
193
232
176
219
184
178
200
188
188
188
179
182
179
173
216
173
195
148
120
122
131
132
127
129
138
135
126
132
154
125
126
125
170
254
202
192
189
128
128
128
127
118
120
146
124
137
126
142
131
127
136
132
208
263
194
196
183
212
183
200
200
216
181
185
190
181
184
230
201
193
189
257
188
225
226
190
208
209
182
182
128
138
130
131
125
136
136
135
130
129
145
135
127
140
188
126
125
129
131
126
123
138
131
126
126
152
129
132
124
127
262
203
191
191
173
191
229
176
173
191
197
198
196
192
180
148
132
133
126
125
133
138
136
128
138
133
124
124
138
130
224
120
133
131
145
128
137
144
141
130
138
133
133
128
138
145
339
235
193
174
187
192
166
170
184
194
188
207
181
181
189
177
150
144
148
126
132
127
139
122
137
124
137
133
128
130
152
247
193
204
184
180
224
196
182
181
184
180
194
180
177
180
184
226
178
169
187
197
191
185
202
173
183
180
215
225
185
221
121
137
129
133
124
136
130
136
123
126
138
126
125
138
127
197
146
123
143
135
126
136
132
128
134
137
136
135
117
135
135
400
187
192
217
191
173
179
192
188
180
176
187
202
175
182
173
174
188
175
212
178
203
182
168
177
177
184
214
183
201
183
170
148
130
131
126
134
125
142
124
240
191
187
156
129
124
127
137
134
130
125
137
128
135
125
140
129
126
225
240
207
176
160
223
187
186
188
202
196
194
187
175
180
179
208
174
165
132
123
123
126
135
126
122
137
138
129
135
124
129
130
131
219
200
207
216
204
189
206
175
197
177
167
133
127
131
130
145
138
135
127
137
131
137
124
137
126
128
284
183
199
175
181
194
176
159
120
141
129
129
118
148
135
145
137
125
132
130
287
200
194
189
202
130
115
125
124
130
124
131
127
127
127
138
141
130
125
139
159
326
201
190
176
221
185
165
124
134
127
133
122
147
143
129
135
124
135
131
135
132
141
253
177
184
204
192
184
180
172
123
137
135
127
121
134
124
120
126
130
127
121
119
156
126
197
237
179
193
160
173
183
187
173
174
184
192
207
213
181
176
195
187
184
186
184
181
173
195
239
184
177
186
188
186
175
185
190
209
186
185
194
174
132
146
128
131
138
144
127
126
129
140
130
120
123
133
130
255
192
185
203
173
180
180
203
170
158
124
129
125
130
125
121
122
150
130
120
121
131
127
130
128
316
231
200
189
189
189
178
182
182
194
184
189
200
184
212
157
130
148
134
130
140
129
137
125
134
128
142
127
140
129
220
245
191
205
175
185
180
186
190
179
184
185
180
207
186
173
184
181
197
180
179
179
197
175
177
167
176
170
181
181
186
183
165
120
128
118
132
129
127
127
129
148
136
127
140
131
138
153
278
Average: 159.92
500
1
500
2
500
3
500
4
500
5
500
6
500
7
500
8
500
9
500
10
500
11
500
12
500
13
500
14
500
15
500
16
500
17
500
18
500
19
500
20
500
21
500
22
500
23
500
24
500
25
500
26
500
27
500
28
500
29
500
30
500
31
500
32
500
33
500
34
500
35
500
36
500
37
500
38
500
39
500
40
500
41
500
42
500
43
500
44
500
45
500
46
500
47
500
48
500
49
500
50
500
51
500
52
500
53
500
54
500
55
500
56
500
57
500
58
500
59
500
60
500
61
500
62
500
63
500
64
500
65
500
66
500
67
500
68
500
69
500
70
500
71
500
72
500
73
500
74
500
75
500
76
500
77
500
78
500
79
500
80
500
81
500
82
500
83
500
84
500
85
500
86
500
87
500
88
500
89
500
90
500
91
500
92
500
93
500
94
500
95
500
96
500
97
500
98
500
99
500
100
500
101
500
102
500
103
500
104
500
105
500
106
500
107
500
108
500
109
500
110
500
111
500
112
500
113
500
114
500
115
500
116
500
117
500
118
500
119
500
120
500
121
500
122
500
123
500
124
500
125
500
126
500
127
500
128
500
129
500
130
500
131
500
132
500
133
500
134
500
135
500
136
500
137
500
138
500
139
500
140
500
141
500
142
500
143
500
144
500
145
500
146
500
147
500
148
500
149
500
150
500
151
500
152
500
153
500
154
500
155
500
156
500
157
500
158
500
159
500
160
500
161
500
162
500
163
500
164
500
165
500
166
500
167
500
168
500
169
500
170
500
171
500
172
500
173
500
174
500
175
500
176
500
177
500
178
500
179
500
180
500
181
500
182
500
183
500
184
500
185
500
186
500
187
500
188
500
189
500
190
500
191
500
192
500
193
500
194
500
195
500
196
500
197
500
198
500
199
500
200
500
201
500
202
500
203
500
204
500
205
500
206
500
207
500
208
500
209
500
210
500
211
500
212
500
213
500
214
500
215
500
216
500
217
500
218
500
219
500
220
500
221
500
222
500
223
500
224
500
225
500
226
500
227
500
228
500
229
500
230
500
231
500
232
500
233
500
234
500
235
500
236
500
237
500
238
500
239
500
240
500
241
500
242
500
243
500
244
500
245
500
246
500
247
500
248
500
249
500
250
500
251
500
252
500
253
500
254
500
255
500
256
500
257
500
258
500
259
500
260
500
261
500
262
500
263
500
264
500
265
500
266
500
267
500
268
500
269
500
270
500
271
500
272
500
273
500
274
500
275
500
276
500
277
500
278
500
279
500
280
500
281
500
282
500
283
500
284
500
285
500
286
500
287
500
288
500
289
500
290
500
291
500
292
500
293
500
294
500
295
500
296
500
297
500
298
500
299
500
300
500
301
500
302
500
303
500
304
500
305
500
306
500
307
500
308
500
309
500
310
500
311
500
312
500
313
500
314
500
315
500
316
500
317
500
318
500
319
500
320
500
321
500
322
500
323
500
324
500
325
500
326
500
327
500
328
500
329
500
330
500
331
500
332
500
333
500
334
500
335
500
336
500
337
500
338
500
339
500
340
500
341
500
342
500
343
500
344
500
345
500
346
500
347
500
348
500
349
500
350
500
351
500
352
500
353
500
354
500
355
500
356
500
357
500
358
500
359
500
360
500
361
500
362
500
363
500
364
500
365
500
366
500
367
500
368
500
369
500
370
500
371
500
372
500
373
500
374
500
375
500
376
500
377
500
378
500
379
500
380
500
381
500
382
500
383
500
384
500
385
500
386
500
387
500
388
500
389
500
390
500
391
500
392
500
393
500
394
500
395
500
396
500
397
500
398
500
399
500
400
500
401
500
402
500
403
500
404
500
405
500
406
500
407
500
408
500
409
500
410
500
411
500
412
500
413
500
414
500
415
500
416
500
417
500
418
500
419
500
420
500
421
500
422
500
423
500
424
500
425
500
426
500
427
500
428
500
429
500
430
500
431
500
432
500
433
500
434
500
435
500
436
500
437
500
438
500
439
500
440
500
441
500
442
500
443
500
444
500
445
500
446
500
447
500
448
500
449
500
450
500
451
500
452
500
453
500
454
500
455
500
456
500
457
500
458
500
459
500
460
500
461
500
462
500
463
500
464
500
465
500
466
500
467
500
468
500
469
500
470
500
471
500
472
500
473
500
474
500
475
500
476
500
477
500
478
500
479
500
480
500
481
500
482
500
483
500
484
500
485
500
486
500
487
500
488
500
489
500
490
500
491
500
492
500
493
500
494
500
495
500
496
500
497
500
498
500
499
500
500
500
501
500
502
500
503
500
504
500
505
500
506
500
507
500
508
500
509
500
510
500
511
500
512
500
513
500
514
500
515
500
516
500
517
500
518
500
519
500
520
500
521
500
522
500
523
500
524
500
525
500
526
500
527
500
528
500
529
500
530
500
531
500
532
500
533
500
534
500
535
500
536
500
537
500
538
500
539
500
540
500
541
500
542
500
543
500
544
500
545
500
546
500
547
500
548
500
549
500
550
500
551
500
552
500
553
500
554
500
555
500
556
500
557
500
558
500
559
500
560
500
561
500
562
500
563
500
564
500
565
500
566
500
567
500
568
500
569
500
570
500
571
500
572
500
573
500
574
500
575
500
576
500
577
500
578
500
579
500
580
500
581
500
582
500
583
500
584
500
585
500
586
500
587
500
588
500
589
500
590
500
591
500
592
500
593
500
594
500
595
500
596
500
597
500
598
500
599
500
600
500
601
500
602
500
603
500
604
500
605
500
606
500
607
500
608
500
609
500
610
500
611
500
612
500
613
500
614
500
615
500
616
500
617
500
618
500
619
500
620
500
621
500
622
500
623
500
624
500
625
500
626
500
627
500
628
500
629
500
630
500
631
500
632
500
633
500
634
500
635
500
636
500
637
500
638
500
639
500
640
500
641
500
642
500
643
500
644
500
645
500
646
500
647
500
648
500
649
500
650
500
651
500
652
500
653
500
654
500
655
500
656
500
657
500
658
500
659
500
660
500
661
500
662
500
663
500
664
500
665
500
666
500
667
500
668
500
669
500
670
500
671
500
672
500
673
500
674
500
675
500
676
500
677
500
678
500
679
500
680
500
681
500
682
500
683
500
684
500
685
500
686
500
687
500
688
500
689
500
690
500
691
500
692
500
693
500
694
500
695
500
696
500
697
500
698
500
699
500
700
500
701
500
702
500
703
500
704
500
705
500
706
500
707
500
708
500
709
500
710
500
711
500
712
500
713
500
714
500
715
500
716
500
717
500
718
500
719
500
720
500
721
500
722
500
723
500
724
500
725
500
726
500
727
500
728
500
729
500
730
500
731
500
732
500
733
500
734
500
735
500
736
500
737
500
738
500
739
500
740
500
741
500
742
500
743
500
744
500
745
500
746
500
747
500
748
500
749
500
750
500
751
500
752
500
753
500
754
500
755
500
756
500
757
500
758
500
759
500
760
500
761
500
762
500
763
500
764
500
765
500
766
500
767
500
768
500
769
500
770
500
771
500
772
500
773
500
774
500
775
500
776
500
777
500
778
500
779
500
780
500
781
500
782
500
783
500
784
500
785
500
786
500
787
500
788
500
789
500
790
500
791
500
792
500
793
500
794
500
795
500
796
500
797
500
798
500
799
500
800
500
801
500
802
500
803
500
804
500
805
500
806
500
807
500
808
500
809
500
810
500
811
500
812
500
813
500
814
500
815
500
816
500
817
500
818
500
819
500
820
500
821
500
822
500
823
500
824
500
825
500
826
500
827
500
828
500
829
500
830
500
831
500
832
500
833
500
834
500
835
500
836
500
837
500
838
500
839
500
840
500
841
500
842
500
843
500
844
500
845
500
846
500
847
500
848
500
849
500
850
500
851
500
852
500
853
500
854
500
855
500
856
500
857
500
858
500
859
500
860
500
861
500
862
500
863
500
864
500
865
500
866
500
867
500
868
500
869
500
870
500
871
500
872
500
873
500
874
500
875
500
876
500
877
500
878
500
879
500
880
500
881
500
882
500
883
500
884
500
885
500
886
500
887
500
888
500
889
500
890
500
891
500
892
500
893
500
894
500
895
500
896
500
897
500
898
500
899
500
900
500
901
500
902
500
903
500
904
500
905
500
906
500
907
500
908
500
909
500
910
500
911
500
912
500
913
500
914
500
915
500
916
500
917
500
918
500
919
500
920
500
921
500
922
500
923
500
924
500
925
500
926
500
927
500
928
500
929
500
930
500
931
500
932
500
933
500
934
500
935
500
936
500
937
500
938
500
939
500
940
500
941
500
942
500
943
500
944
500
945
500
946
500
947
500
948
500
949
500
950
500
951
500
952
500
953
500
954
500
955
500
956
500
957
500
958
500
959
500
960
500
961
500
962
500
963
500
964
500
965
500
966
500
967
500
968
500
969
500
970
500
971
500
972
500
973
500
974
500
975
500
976
500
977
500
978
500
979
500
980
500
981
500
982
500
983
500
984
500
985
500
986
500
987
500
988
500
989
500
990
500
991
500
992
500
993
500
994
500
995
500
996
500
997
500
998
500
999
[Contract created] Contract creation tx: 0x189d809119498d7ecc26d6053198f0d1bc569c9686d3592c2a9883779505103f
[Contract mined] Contract address: 0x699cb623c9f83b920b7d5238c56d0d088476ad66
- BICEmit 1000x -
112
112
119
220
167
179
158
185
155
162
168
166
163
157
140
115
112
114
119
112
116
112
134
114
117
122
111
112
124
115
114
132
143
109
115
123
118
120
110
118
115
117
124
113
117
121
113
110
117
221
196
198
195
153
150
160
161
163
192
185
142
125
109
112
114
117
119
118
115
113
114
122
117
121
112
119
108
221
180
174
163
154
151
181
154
149
162
189
122
114
111
115
111
114
114
110
121
128
118
118
113
117
106
116
114
141
218
159
161
164
155
153
156
152
159
165
170
156
167
181
165
179
159
155
169
110
108
113
117
110
115
112
132
112
117
109
114
112
122
115
150
120
265
152
166
190
167
180
171
158
188
153
163
173
167
162
159
174
173
158
188
170
161
163
206
124
112
127
124
118
120
132
121
128
118
126
119
129
133
123
126
215
210
203
186
132
133
125
125
115
131
126
119
114
123
124
119
116
120
126
127
164
236
227
177
196
178
170
179
178
183
137
119
120
120
120
115
126
123
123
123
136
116
122
135
133
122
191
209
174
178
134
114
122
123
119
124
121
120
119
128
126
124
116
123
147
121
176
244
162
173
165
173
170
165
167
162
163
166
166
186
173
171
186
186
168
119
124
127
132
125
123
128
138
127
124
121
147
127
130
122
239
214
204
178
183
180
165
162
174
164
222
172
192
179
169
188
176
175
168
182
180
174
204
180
163
179
177
179
182
173
180
189
194
188
186
178
186
177
179
179
181
173
195
192
185
130
125
144
117
124
131
131
148
127
134
127
129
122
132
126
220
244
189
181
183
176
199
166
184
174
182
173
180
178
207
168
187
169
194
183
201
173
139
135
126
123
119
132
128
127
123
131
137
129
120
126
138
124
255
167
185
175
190
166
179
170
187
214
183
180
189
192
140
135
124
124
126
129
119
131
122
138
138
128
123
139
129
135
273
196
195
180
175
133
118
124
124
129
116
130
130
122
126
139
131
132
123
132
132
162
132
125
125
119
132
125
125
126
136
125
144
123
139
128
165
229
175
178
202
172
180
115
122
126
123
118
130
128
122
116
135
125
120
123
142
138
242
200
179
216
190
180
191
168
178
119
130
128
133
126
133
128
122
121
130
129
130
123
141
131
215
236
176
185
176
201
193
186
188
158
138
127
143
130
131
142
131
131
134
134
134
129
158
134
345
197
186
195
180
183
152
120
123
134
128
129
124
142
138
141
141
129
131
123
141
199
258
168
184
179
183
177
206
180
171
184
187
204
193
193
189
203
171
203
205
169
125
136
124
126
120
137
126
128
123
130
133
128
128
138
135
248
172
123
132
119
125
117
123
119
121
115
120
135
120
131
127
143
148
288
171
184
179
171
172
169
175
168
216
174
202
167
170
174
174
179
179
208
178
176
181
184
195
177
183
173
202
178
185
176
201
176
189
148
135
124
128
122
133
127
126
123
137
125
125
116
116
138
127
256
202
181
195
181
191
183
192
181
176
182
172
163
126
130
127
121
119
128
125
123
132
141
120
120
122
122
122
122
253
144
127
123
128
127
128
127
123
126
140
133
129
132
125
125
127
228
180
198
136
125
128
118
126
127
131
117
141
133
125
118
135
125
125
212
222
209
186
203
184
188
185
190
184
133
135
131
132
134
151
125
130
156
128
127
126
136
132
133
271
168
178
141
132
122
129
118
131
127
141
128
126
132
126
120
130
126
154
221
181
195
173
189
164
167
181
189
197
202
189
183
159
121
124
123
124
136
139
125
119
123
129
128
126
127
126
122
171
224
165
191
181
167
204
169
190
187
181
168
176
183
162
118
136
134
126
118
128
125
127
120
126
120
130
123
124
126
162
285
190
186
177
178
166
169
178
190
183
136
126
144
129
122
129
121
124
119
134
128
126
124
130
128
156
292
177
181
191
179
168
196
172
178
177
174
225
175
175
184
177
186
202
184
172
193
180
134
124
120
120
112
120
124
124
113
123
118
129
118
141
136
122
194
161
115
123
125
132
124
126
121
125
130
122
119
121
158
125
126
195
209
174
186
167
182
166
194
167
168
164
152
119
126
119
123
120
129
120
127
121
130
119
139
134
129
122
254
187
178
187
182
177
202
214
166
149
114
117
133
130
123
129
127
131
124
141
130
125
131
127
119
210
199
190
204
182
191
163
176
177
166
161
125
134
123
119
115
129
123
121
115
124
122
126
118
137
144
123
274
216
170
190
168
169
164
205
184
136
120
126
122
121
119
129
126
126
118
151
133
134
131
127
139
293
188
166
167
182
182
171
Average: 151.315
500
1
500
2
500
3
500
4
500
5
500
6
500
7
500
8
500
9
500
10
500
11
500
12
500
13
500
14
500
15
500
16
500
17
500
18
500
19
500
20
500
21
500
22
500
23
500
24
500
25
500
26
500
27
500
28
500
29
500
30
500
31
500
32
500
33
500
34
500
35
500
36
500
37
500
38
500
39
500
40
500
41
500
42
500
43
500
44
500
45
500
46
500
47
500
48
500
49
500
50
500
51
500
52
500
53
500
54
500
55
500
56
500
57
500
58
500
59
500
60
500
61
500
62
500
63
500
64
500
65
500
66
500
67
500
68
500
69
500
70
500
71
500
72
500
73
500
74
500
75
500
76
500
77
500
78
500
79
500
80
500
81
500
82
500
83
500
84
500
85
500
86
500
87
500
88
500
89
500
90
500
91
500
92
500
93
500
94
500
95
500
96
500
97
500
98
500
99
500
100
500
101
500
102
500
103
500
104
500
105
500
106
500
107
500
108
500
109
500
110
500
111
500
112
500
113
500
114
500
115
500
116
500
117
500
118
500
119
500
120
500
121
500
122
500
123
500
124
500
125
500
126
500
127
500
128
500
129
500
130
500
131
500
132
500
133
500
134
500
135
500
136
500
137
500
138
500
139
500
140
500
141
500
142
500
143
500
144
500
145
500
146
500
147
500
148
500
149
500
150
500
151
500
152
500
153
500
154
500
155
500
156
500
157
500
158
500
159
500
160
500
161
500
162
500
163
500
164
500
165
500
166
500
167
500
168
500
169
500
170
500
171
500
172
500
173
500
174
500
175
500
176
500
177
500
178
500
179
500
180
500
181
500
182
500
183
500
184
500
185
500
186
500
187
500
188
500
189
500
190
500
191
500
192
500
193
500
194
500
195
500
196
500
197
500
198
500
199
500
200
500
201
500
202
500
203
500
204
500
205
500
206
500
207
500
208
500
209
500
210
500
211
500
212
500
213
500
214
500
215
500
216
500
217
500
218
500
219
500
220
500
221
500
222
500
223
500
224
500
225
500
226
500
227
500
228
500
229
500
230
500
231
500
232
500
233
500
234
500
235
500
236
500
237
500
238
500
239
500
240
500
241
500
242
500
243
500
244
500
245
500
246
500
247
500
248
500
249
500
250
500
251
500
252
500
253
500
254
500
255
500
256
500
257
500
258
500
259
500
260
500
261
500
262
500
263
500
264
500
265
500
266
500
267
500
268
500
269
500
270
500
271
500
272
500
273
500
274
500
275
500
276
500
277
500
278
500
279
500
280
500
281
500
282
500
283
500
284
500
285
500
286
500
287
500
288
500
289
500
290
500
291
500
292
500
293
500
294
500
295
500
296
500
297
500
298
500
299
500
300
500
301
500
302
500
303
500
304
500
305
500
306
500
307
500
308
500
309
500
310
500
311
500
312
500
313
500
314
500
315
500
316
500
317
500
318
500
319
500
320
500
321
500
322
500
323
500
324
500
325
500
326
500
327
500
328
500
329
500
330
500
331
500
332
500
333
500
334
500
335
500
336
500
337
500
338
500
339
500
340
500
341
500
342
500
343
500
344
500
345
500
346
500
347
500
348
500
349
500
350
500
351
500
352
500
353
500
354
500
355
500
356
500
357
500
358
500
359
500
360
500
361
500
362
500
363
500
364
500
365
500
366
500
367
500
368
500
369
500
370
500
371
500
372
500
373
500
374
500
375
500
376
500
377
500
378
500
379
500
380
500
381
500
382
500
383
500
384
500
385
500
386
500
387
500
388
500
389
500
390
500
391
500
392
500
393
500
394
500
395
500
396
500
397
500
398
500
399
500
400
500
401
500
402
500
403
500
404
500
405
500
406
500
407
500
408
500
409
500
410
500
411
500
412
500
413
500
414
500
415
500
416
500
417
500
418
500
419
500
420
500
421
500
422
500
423
500
424
500
425
500
426
500
427
500
428
500
429
500
430
500
431
500
432
500
433
500
434
500
435
500
436
500
437
500
438
500
439
500
440
500
441
500
442
500
443
500
444
500
445
500
446
500
447
500
448
500
449
500
450
500
451
500
452
500
453
500
454
500
455
500
456
500
457
500
458
500
459
500
460
500
461
500
462
500
463
500
464
500
465
500
466
500
467
500
468
500
469
500
470
500
471
500
472
500
473
500
474
500
475
500
476
500
477
500
478
500
479
500
480
500
481
500
482
500
483
500
484
500
485
500
486
500
487
500
488
500
489
500
490
500
491
500
492
500
493
500
494
500
495
500
496
500
497
500
498
500
499
500
500
500
501
500
502
500
503
500
504
500
505
500
506
500
507
500
508
500
509
500
510
500
511
500
512
500
513
500
514
500
515
500
516
500
517
500
518
500
519
500
520
500
521
500
522
500
523
500
524
500
525
500
526
500
527
500
528
500
529
500
530
500
531
500
532
500
533
500
534
500
535
500
536
500
537
500
538
500
539
500
540
500
541
500
542
500
543
500
544
500
545
500
546
500
547
500
548
500
549
500
550
500
551
500
552
500
553
500
554
500
555
500
556
500
557
500
558
500
559
500
560
500
561
500
562
500
563
500
564
500
565
500
566
500
567
500
568
500
569
500
570
500
571
500
572
500
573
500
574
500
575
500
576
500
577
500
578
500
579
500
580
500
581
500
582
500
583
500
584
500
585
500
586
500
587
500
588
500
589
500
590
500
591
500
592
500
593
500
594
500
595
500
596
500
597
500
598
500
599
500
600
500
601
500
602
500
603
500
604
500
605
500
606
500
607
500
608
500
609
500
610
500
611
500
612
500
613
500
614
500
615
500
616
500
617
500
618
500
619
500
620
500
621
500
622
500
623
500
624
500
625
500
626
500
627
500
628
500
629
500
630
500
631
500
632
500
633
500
634
500
635
500
636
500
637
500
638
500
639
500
640
500
641
500
642
500
643
500
644
500
645
500
646
500
647
500
648
500
649
500
650
500
651
500
652
500
653
500
654
500
655
500
656
500
657
500
658
500
659
500
660
500
661
500
662
500
663
500
664
500
665
500
666
500
667
500
668
500
669
500
670
500
671
500
672
500
673
500
674
500
675
500
676
500
677
500
678
500
679
500
680
500
681
500
682
500
683
500
684
500
685
500
686
500
687
500
688
500
689
500
690
500
691
500
692
500
693
500
694
500
695
500
696
500
697
500
698
500
699
500
700
500
701
500
702
500
703
500
704
500
705
500
706
500
707
500
708
500
709
500
710
500
711
500
712
500
713
500
714
500
715
500
716
500
717
500
718
500
719
500
720
500
721
500
722
500
723
500
724
500
725
500
726
500
727
500
728
500
729
500
730
500
731
500
732
500
733
500
734
500
735
500
736
500
737
500
738
500
739
500
740
500
741
500
742
500
743
500
744
500
745
500
746
500
747
500
748
500
749
500
750
500
751
500
752
500
753
500
754
500
755
500
756
500
757
500
758
500
759
500
760
500
761
500
762
500
763
500
764
500
765
500
766
500
767
500
768
500
769
500
770
500
771
500
772
500
773
500
774
500
775
500
776
500
777
500
778
500
779
500
780
500
781
500
782
500
783
500
784
500
785
500
786
500
787
500
788
500
789
500
790
500
791
500
792
500
793
500
794
500
795
500
796
500
797
500
798
500
799
500
800
500
801
500
802
500
803
500
804
500
805
500
806
500
807
500
808
500
809
500
810
500
811
500
812
500
813
500
814
500
815
500
816
500
817
500
818
500
819
500
820
500
821
500
822
500
823
500
824
500
825
500
826
500
827
500
828
500
829
500
830
500
831
500
832
500
833
500
834
500
835
500
836
500
837
500
838
500
839
500
840
500
841
500
842
500
843
500
844
500
845
500
846
500
847
500
848
500
849
500
850
500
851
500
852
500
853
500
854
500
855
500
856
500
857
500
858
500
859
500
860
500
861
500
862
500
863
500
864
500
865
500
866
500
867
500
868
500
869
500
870
500
871
500
872
500
873
500
874
500
875
500
876
500
877
500
878
500
879
500
880
500
881
500
882
500
883
500
884
500
885
500
886
500
887
500
888
500
889
500
890
500
891
500
892
500
893
500
894
500
895
500
896
500
897
500
898
500
899
500
900
500
901
500
902
500
903
500
904
500
905
500
906
500
907
500
908
500
909
500
910
500
911
500
912
500
913
500
914
500
915
500
916
500
917
500
918
500
919
500
920
500
921
500
922
500
923
500
924
500
925
500
926
500
927
500
928
500
929
500
930
500
931
500
932
500
933
500
934
500
935
500
936
500
937
500
938
500
939
500
940
500
941
500
942
500
943
500
944
500
945
500
946
500
947
500
948
500
949
500
950
500
951
500
952
500
953
500
954
500
955
500
956
500
957
500
958
500
959
500
960
500
961
500
962
500
963
500
964
500
965
500
966
500
967
500
968
500
969
500
970
500
971
500
972
500
973
500
974
500
975
500
976
500
977
500
978
500
979
500
980
500
981
500
982
500
983
500
984
500
985
500
986
500
987
500
988
500
989
500
990
500
991
500
992
500
993
500
994
500
995
500
996
500
997
500
998
500
999
500
1000
