[Contract created] Contract creation tx: 0xfd1c28d71e68549ae490e42ecaa461d0355739ca451ad23c763153dd9ddc3dbb
[Contract mined] Contract address: 0x9af341f34e59752b16b0b3a7e64dbf2be12e5487
- ICAEmit 1000x -
183
164
166
167
177
158
170
169
181
186
167
162
176
170
168
180
182
194
171
154
156
186
168
172
147
122
117
118
120
117
115
120
146
117
116
137
112
117
123
121
120
301
191
151
162
145
109
115
115
117
117
117
120
113
132
123
116
118
123
122
114
119
181
112
121
131
118
110
123
111
121
112
119
118
125
139
114
121
117
215
226
162
174
162
176
166
173
125
112
123
137
126
124
133
125
140
141
133
126
138
139
144
262
191
200
201
225
173
181
173
169
170
197
141
125
116
124
128
162
158
132
136
117
126
131
120
180
171
188
121
126
127
166
132
148
135
125
126
134
122
148
138
135
263
218
253
177
194
204
214
187
184
167
190
176
181
189
190
219
188
178
203
176
193
178
147
124
134
136
126
134
131
137
130
135
135
121
134
131
282
224
194
169
205
172
193
231
179
176
191
189
206
220
180
164
122
126
128
123
129
136
145
134
127
140
131
128
143
131
184
337
228
177
193
183
190
186
176
202
171
201
191
186
211
175
189
175
195
177
174
196
195
191
169
183
182
174
195
173
220
196
199
195
172
172
195
183
180
128
147
127
127
136
136
128
125
137
138
139
121
143
145
148
297
199
122
127
127
147
124
131
126
126
123
149
125
131
129
133
131
190
255
244
174
174
198
198
127
124
126
134
133
120
153
128
133
149
130
130
130
134
125
150
127
153
139
135
127
135
135
135
126
137
123
128
124
118
174
310
208
178
170
211
186
193
173
181
204
174
190
203
185
197
172
188
178
210
176
187
177
143
133
130
125
132
141
129
139
147
142
144
129
127
129
137
230
258
192
188
190
192
186
242
203
213
186
194
194
212
187
178
198
184
213
196
179
186
211
179
189
182
186
180
217
181
183
184
185
183
175
172
185
207
183
194
187
208
186
184
184
188
205
184
174
141
131
135
137
133
130
127
136
135
133
132
152
134
136
204
252
182
238
164
127
144
135
135
130
138
139
139
153
138
131
133
146
138
264
195
223
194
187
181
194
183
121
131
130
133
121
134
140
127
130
142
128
127
123
132
135
236
235
178
203
182
180
184
178
181
178
191
187
190
197
184
208
182
176
201
182
202
155
128
151
131
128
142
129
134
124
142
156
132
130
140
137
250
215
195
190
186
139
140
135
132
123
149
132
138
123
135
148
132
124
126
136
270
183
216
186
180
180
192
187
190
184
172
134
141
136
129
121
139
131
134
128
130
133
130
128
160
172
299
194
227
176
184
125
124
134
132
132
136
133
136
125
136
147
135
129
141
133
310
187
180
207
200
197
184
174
179
218
186
192
177
200
184
186
175
185
200
189
225
189
183
181
179
191
178
217
192
153
135
129
125
117
121
145
129
124
125
139
122
120
131
148
122
219
205
165
174
192
185
195
173
173
175
196
207
170
127
129
128
127
133
127
127
133
152
134
129
140
136
128
197
178
168
173
194
187
174
179
174
206
182
187
185
179
170
180
183
177
189
178
188
172
193
184
179
181
200
183
178
175
173
157
126
131
127
126
139
127
122
139
131
126
119
116
114
123
130
237
223
208
186
185
195
181
174
169
158
131
135
134
130
127
129
129
123
152
123
131
138
129
132
130
270
182
185
172
177
174
182
228
192
210
136
134
130
127
128
138
130
133
129
152
127
127
140
134
129
234
256
184
121
127
121
124
118
128
149
126
132
139
126
130
122
135
128
181
267
201
199
188
166
169
136
137
131
134
123
132
134
138
126
141
131
131
140
143
223
190
141
138
134
129
123
132
130
142
131
146
132
137
131
138
130
294
182
160
139
134
128
129
150
130
138
137
134
129
134
137
131
133
250
182
200
213
195
184
191
182
193
187
187
180
179
177
186
184
177
184
165
167
174
173
184
183
165
179
182
169
164
193
184
202
180
174
131
120
122
133
125
132
126
155
134
131
127
138
134
129
260
207
177
177
187
182
179
202
146
127
129
124
135
128
132
134
138
129
135
140
130
129
132
256
177
193
172
163
119
141
130
127
132
130
127
127
144
124
132
126
143
137
129
249
181
188
186
182
187
174
170
173
172
187
183
176
181
182
201
200
179
196
196
191
191
186
204
175
183
185
192
142
130
130
125
139
128
136
126
137
129
137
121
134
126
135
237
202
216
177
171
176
197
173
192
172
172
187
165
185
180
185
212
172
175
188
168
164
181
172
164
185
183
158
125
125
122
138
145
127
124
141
128
133
131
138
146
135
205
202
177
179
197
195
213
193
185
180
175
169
169
131
132
129
130
124
135
130
Average: 160.645
500
1
500
2
500
3
500
4
500
5
500
6
500
7
500
8
500
9
500
10
500
11
500
12
500
13
500
14
500
15
500
16
500
17
500
18
500
19
500
20
500
21
500
22
500
23
500
24
500
25
500
26
500
27
500
28
500
29
500
30
500
31
500
32
500
33
500
34
500
35
500
36
500
37
500
38
500
39
500
40
500
41
500
42
500
43
500
44
500
45
500
46
500
47
500
48
500
49
500
50
500
51
500
52
500
53
500
54
500
55
500
56
500
57
500
58
500
59
500
60
500
61
500
62
500
63
500
64
500
65
500
66
500
67
500
68
500
69
500
70
500
71
500
72
500
73
500
74
500
75
500
76
500
77
500
78
500
79
500
80
500
81
500
82
500
83
500
84
500
85
500
86
500
87
500
88
500
89
500
90
500
91
500
92
500
93
500
94
500
95
500
96
500
97
500
98
500
99
500
100
500
101
500
102
500
103
500
104
500
105
500
106
500
107
500
108
500
109
500
110
500
111
500
112
500
113
500
114
500
115
500
116
500
117
500
118
500
119
500
120
500
121
500
122
500
123
500
124
500
125
500
126
500
127
500
128
500
129
500
130
500
131
500
132
500
133
500
134
500
135
500
136
500
137
500
138
500
139
500
140
500
141
500
142
500
143
500
144
500
145
500
146
500
147
500
148
500
149
500
150
500
151
500
152
500
153
500
154
500
155
500
156
500
157
500
158
500
159
500
160
500
161
500
162
500
163
500
164
500
165
500
166
500
167
500
168
500
169
500
170
500
171
500
172
500
173
500
174
500
175
500
176
500
177
500
178
500
179
500
180
500
181
500
182
500
183
500
184
500
185
500
186
500
187
500
188
500
189
500
190
500
191
500
192
500
193
500
194
500
195
500
196
500
197
500
198
500
199
500
200
500
201
500
202
500
203
500
204
500
205
500
206
500
207
500
208
500
209
500
210
500
211
500
212
500
213
500
214
500
215
500
216
500
217
500
218
500
219
500
220
500
221
500
222
500
223
500
224
500
225
500
226
500
227
500
228
500
229
500
230
500
231
500
232
500
233
500
234
500
235
500
236
500
237
500
238
500
239
500
240
500
241
500
242
500
243
500
244
500
245
500
246
500
247
500
248
500
249
500
250
500
251
500
252
500
253
500
254
500
255
500
256
500
257
500
258
500
259
500
260
500
261
500
262
500
263
500
264
500
265
500
266
500
267
500
268
500
269
500
270
500
271
500
272
500
273
500
274
500
275
500
276
500
277
500
278
500
279
500
280
500
281
500
282
500
283
500
284
500
285
500
286
500
287
500
288
500
289
500
290
500
291
500
292
500
293
500
294
500
295
500
296
500
297
500
298
500
299
500
300
500
301
500
302
500
303
500
304
500
305
500
306
500
307
500
308
500
309
500
310
500
311
500
312
500
313
500
314
500
315
500
316
500
317
500
318
500
319
500
320
500
321
500
322
500
323
500
324
500
325
500
326
500
327
500
328
500
329
500
330
500
331
500
332
500
333
500
334
500
335
500
336
500
337
500
338
500
339
500
340
500
341
500
342
500
343
500
344
500
345
500
346
500
347
500
348
500
349
500
350
500
351
500
352
500
353
500
354
500
355
500
356
500
357
500
358
500
359
500
360
500
361
500
362
500
363
500
364
500
365
500
366
500
367
500
368
500
369
500
370
500
371
500
372
500
373
500
374
500
375
500
376
500
377
500
378
500
379
500
380
500
381
500
382
500
383
500
384
500
385
500
386
500
387
500
388
500
389
500
390
500
391
500
392
500
393
500
394
500
395
500
396
500
397
500
398
500
399
500
400
500
401
500
402
500
403
500
404
500
405
500
406
500
407
500
408
500
409
500
410
500
411
500
412
500
413
500
414
500
415
500
416
500
417
500
418
500
419
500
420
500
421
500
422
500
423
500
424
500
425
500
426
500
427
500
428
500
429
500
430
500
431
500
432
500
433
500
434
500
435
500
436
500
437
500
438
500
439
500
440
500
441
500
442
500
443
500
444
500
445
500
446
500
447
500
448
500
449
500
450
500
451
500
452
500
453
500
454
500
455
500
456
500
457
500
458
500
459
500
460
500
461
500
462
500
463
500
464
500
465
500
466
500
467
500
468
500
469
500
470
500
471
500
472
500
473
500
474
500
475
500
476
500
477
500
478
500
479
500
480
500
481
500
482
500
483
500
484
500
485
500
486
500
487
500
488
500
489
500
490
500
491
500
492
500
493
500
494
500
495
500
496
500
497
500
498
500
499
500
500
500
501
500
502
500
503
500
504
500
505
500
506
500
507
500
508
500
509
500
510
500
511
500
512
500
513
500
514
500
515
500
516
500
517
500
518
500
519
500
520
500
521
500
522
500
523
500
524
500
525
500
526
500
527
500
528
500
529
500
530
500
531
500
532
500
533
500
534
500
535
500
536
500
537
500
538
500
539
500
540
500
541
500
542
500
543
500
544
500
545
500
546
500
547
500
548
500
549
500
550
500
551
500
552
500
553
500
554
500
555
500
556
500
557
500
558
500
559
500
560
500
561
500
562
500
563
500
564
500
565
500
566
500
567
500
568
500
569
500
570
500
571
500
572
500
573
500
574
500
575
500
576
500
577
500
578
500
579
500
580
500
581
500
582
500
583
500
584
500
585
500
586
500
587
500
588
500
589
500
590
500
591
500
592
500
593
500
594
500
595
500
596
500
597
500
598
500
599
500
600
500
601
500
602
500
603
500
604
500
605
500
606
500
607
500
608
500
609
500
610
500
611
500
612
500
613
500
614
500
615
500
616
500
617
500
618
500
619
500
620
500
621
500
622
500
623
500
624
500
625
500
626
500
627
500
628
500
629
500
630
500
631
500
632
500
633
500
634
500
635
500
636
500
637
500
638
500
639
500
640
500
641
500
642
500
643
500
644
500
645
500
646
500
647
500
648
500
649
500
650
500
651
500
652
500
653
500
654
500
655
500
656
500
657
500
658
500
659
500
660
500
661
500
662
500
663
500
664
500
665
500
666
500
667
500
668
500
669
500
670
500
671
500
672
500
673
500
674
500
675
500
676
500
677
500
678
500
679
500
680
500
681
500
682
500
683
500
684
500
685
500
686
500
687
500
688
500
689
500
690
500
691
500
692
500
693
500
694
500
695
500
696
500
697
500
698
500
699
500
700
500
701
500
702
500
703
500
704
500
705
500
706
500
707
500
708
500
709
500
710
500
711
500
712
500
713
500
714
500
715
500
716
500
717
500
718
500
719
500
720
500
721
500
722
500
723
500
724
500
725
500
726
500
727
500
728
500
729
500
730
500
731
500
732
500
733
500
734
500
735
500
736
500
737
500
738
500
739
500
740
500
741
500
742
500
743
500
744
500
745
500
746
500
747
500
748
500
749
500
750
500
751
500
752
500
753
500
754
500
755
500
756
500
757
500
758
500
759
500
760
500
761
500
762
500
763
500
764
500
765
500
766
500
767
500
768
500
769
500
770
500
771
500
772
500
773
500
774
500
775
500
776
500
777
500
778
500
779
500
780
500
781
500
782
500
783
500
784
500
785
500
786
500
787
500
788
500
789
500
790
500
791
500
792
500
793
500
794
500
795
500
796
500
797
500
798
500
799
500
800
500
801
500
802
500
803
500
804
500
805
500
806
500
807
500
808
500
809
500
810
500
811
500
812
500
813
500
814
500
815
500
816
500
817
500
818
500
819
500
820
500
821
500
822
500
823
500
824
500
825
500
826
500
827
500
828
500
829
500
830
500
831
500
832
500
833
500
834
500
835
500
836
500
837
500
838
500
839
500
840
500
841
500
842
500
843
500
844
500
845
500
846
500
847
500
848
500
849
500
850
500
851
500
852
500
853
500
854
500
855
500
856
500
857
500
858
500
859
500
860
500
861
500
862
500
863
500
864
500
865
500
866
500
867
500
868
500
869
500
870
500
871
500
872
500
873
500
874
500
875
500
876
500
877
500
878
500
879
500
880
500
881
500
882
500
883
500
884
500
885
500
886
500
887
500
888
500
889
500
890
500
891
500
892
500
893
500
894
500
895
500
896
500
897
500
898
500
899
500
900
500
901
500
902
500
903
500
904
500
905
500
906
500
907
500
908
500
909
500
910
500
911
500
912
500
913
500
914
500
915
500
916
500
917
500
918
500
919
500
920
500
921
500
922
500
923
500
924
500
925
500
926
500
927
500
928
500
929
500
930
500
931
500
932
500
933
500
934
500
935
500
936
500
937
500
938
500
939
500
940
500
941
500
942
500
943
500
944
500
945
500
946
500
947
500
948
500
949
500
950
500
951
500
952
500
953
500
954
500
955
500
956
500
957
500
958
500
959
500
960
500
961
500
962
500
963
500
964
500
965
500
966
500
967
500
968
500
969
500
970
500
971
500
972
500
973
500
974
500
975
500
976
500
977
500
978
500
979
500
980
500
981
500
982
500
983
500
984
500
985
500
986
500
987
500
988
500
989
500
990
500
991
[Contract created] Contract creation tx: 0x8a618ee8aeb8e19b4a05099392fb0d6b7f0824d553609ec9ea90069c3dbf7452
[Contract mined] Contract address: 0x349ea9ccf14afdc93f9888a9de7d0b7a811d96fc
- ICAEmit 1000x 2-
125
123
134
139
126
129
145
163
252
169
157
170
164
168
177
140
110
112
110
141
110
116
124
152
121
133
115
110
134
131
132
231
161
153
158
162
176
184
265
151
131
140
138
126
127
122
125
122
124
120
122
118
118
133
122
250
121
113
112
118
125
120
119
117
125
117
115
122
120
113
113
115
195
171
175
161
156
163
172
149
154
163
170
168
113
113
106
111
112
122
124
116
109
110
116
113
111
112
116
110
116
221
203
165
183
123
124
118
117
111
128
125
112
130
121
115
109
117
126
119
115
129
285
186
194
162
169
144
113
138
117
122
111
118
120
122
112
125
120
116
114
124
117
124
191
211
181
169
174
196
173
175
166
166
163
166
162
177
164
170
192
219
178
198
177
161
167
166
186
171
175
185
162
159
168
182
178
146
118
112
118
126
125
125
131
131
127
130
130
128
118
121
143
264
145
122
132
132
126
122
136
130
121
129
132
123
133
128
132
217
259
172
216
198
172
175
179
207
180
177
198
167
182
147
147
141
137
149
136
141
127
141
136
125
126
130
119
230
217
133
123
145
123
117
139
128
129
131
130
123
124
120
133
125
168
321
163
114
150
133
123
132
128
134
123
124
122
124
118
126
120
128
192
190
184
168
176
210
192
183
198
198
179
184
197
190
185
211
185
170
188
180
191
203
200
185
130
121
131
126
122
120
131
125
129
122
125
124
127
124
154
206
227
175
191
204
187
169
173
121
124
125
130
116
137
130
133
120
128
129
130
126
140
143
227
181
170
178
158
127
123
122
129
108
123
126
124
118
130
125
130
131
142
145
214
219
178
179
174
192
185
173
129
119
125
135
126
127
124
134
132
133
126
132
152
123
124
265
183
185
168
173
170
197
172
165
160
189
172
165
166
172
188
178
196
182
171
181
178
188
181
171
168
169
170
170
168
170
184
183
186
168
181
180
172
168
183
165
186
171
176
179
190
166
177
199
164
161
172
175
167
181
174
174
172
136
124
124
130
129
149
127
142
136
138
124
140
121
126
279
179
175
185
198
176
166
182
182
179
194
178
161
183
199
185
206
191
181
190
142
127
133
130
135
150
140
126
137
134
135
123
141
137
134
302
208
178
180
185
174
122
139
139
127
120
136
127
121
122
129
129
130
130
138
126
198
211
191
207
179
177
186
185
173
209
181
173
190
208
178
186
177
158
120
117
137
123
132
124
127
128
137
125
137
130
135
124
139
276
189
170
175
187
206
175
171
187
194
171
218
190
187
179
179
177
195
204
186
197
178
182
194
170
198
205
205
198
201
117
115
116
121
125
131
125
131
131
137
141
139
122
124
122
178
237
180
215
187
191
186
182
178
188
211
150
129
132
125
120
131
130
130
123
140
125
126
135
123
124
186
277
180
179
183
171
177
191
183
182
178
182
183
171
185
177
178
178
175
177
185
174
174
167
179
179
163
137
126
133
127
136
130
136
126
135
130
130
124
136
140
163
315
181
217
176
182
181
191
212
186
184
204
167
167
185
162
169
196
163
174
180
134
131
125
125
125
131
121
129
120
135
123
132
123
135
125
122
244
201
169
183
161
175
168
163
120
123
116
115
127
126
123
117
127
126
121
130
124
122
124
161
227
165
183
188
174
189
167
179
171
122
118
121
119
131
119
124
128
130
128
128
131
126
125
119
187
281
177
175
175
196
182
169
188
185
180
185
175
200
194
175
180
190
176
181
185
177
171
172
182
178
166
164
182
182
172
180
190
152
120
126
134
125
121
129
121
129
126
141
138
132
122
134
132
244
203
172
186
189
166
169
186
198
193
180
179
192
161
176
183
173
178
186
209
178
192
148
126
131
122
119
117
137
132
131
128
131
127
128
122
133
134
232
195
176
167
182
189
178
172
192
178
170
197
208
192
171
131
131
129
122
140
132
131
127
127
137
126
133
138
136
152
265
181
158
175
200
199
181
176
165
167
179
161
202
182
171
180
177
182
162
167
170
168
172
181
182
168
180
169
176
165
169
168
166
168
170
177
174
181
215
179
164
196
163
161
161
159
193
168
191
180
166
134
129
116
131
118
125
118
141
135
123
116
127
123
122
127
212
209
178
165
164
174
173
181
173
171
174
217
162
187
172
188
181
169
163
208
177
202
172
175
183
177
193
185
189
210
172
176
175
170
196
195
180
187
169
187
199
190
170
170
199
164
166
171
173
171
169
192
120
124
136
137
125
120
128
123
123
138
138
120
129
126
123
175
270
186
172
214
195
182
189
194
186
187
166
174
161
174
Average: 157.552
500
1
500
2
500
3
500
4
500
5
500
6
500
7
500
8
500
9
500
10
500
11
500
12
500
13
500
14
500
15
500
16
500
17
500
18
500
19
500
20
500
21
500
22
500
23
500
24
500
25
500
26
500
27
500
28
500
29
500
30
500
31
500
32
500
33
500
34
500
35
500
36
500
37
500
38
500
39
500
40
500
41
500
42
500
43
500
44
500
45
500
46
500
47
500
48
500
49
500
50
500
51
500
52
500
53
500
54
500
55
500
56
500
57
500
58
500
59
500
60
500
61
500
62
500
63
500
64
500
65
500
66
500
67
500
68
500
69
500
70
500
71
500
72
500
73
500
74
500
75
500
76
500
77
500
78
500
79
500
80
500
81
500
82
500
83
500
84
500
85
500
86
500
87
500
88
500
89
500
90
500
91
500
92
500
93
500
94
500
95
500
96
500
97
500
98
500
99
500
100
500
101
500
102
500
103
500
104
500
105
500
106
500
107
500
108
500
109
500
110
500
111
500
112
500
113
500
114
500
115
500
116
500
117
500
118
500
119
500
120
500
121
500
122
500
123
500
124
500
125
500
126
500
127
500
128
500
129
500
130
500
131
500
132
500
133
500
134
500
135
500
136
500
137
500
138
500
139
500
140
500
141
500
142
500
143
500
144
500
145
500
146
500
147
500
148
500
149
500
150
500
151
500
152
500
153
500
154
500
155
500
156
500
157
500
158
500
159
500
160
500
161
500
162
500
163
500
164
500
165
500
166
500
167
500
168
500
169
500
170
500
171
500
172
500
173
500
174
500
175
500
176
500
177
500
178
500
179
500
180
500
181
500
182
500
183
500
184
500
185
500
186
500
187
500
188
500
189
500
190
500
191
500
192
500
193
500
194
500
195
500
196
500
197
500
198
500
199
500
200
500
201
500
202
500
203
500
204
500
205
500
206
500
207
500
208
500
209
500
210
500
211
500
212
500
213
500
214
500
215
500
216
500
217
500
218
500
219
500
220
500
221
500
222
500
223
500
224
500
225
500
226
500
227
500
228
500
229
500
230
500
231
500
232
500
233
500
234
500
235
500
236
500
237
500
238
500
239
500
240
500
241
500
242
500
243
500
244
500
245
500
246
500
247
500
248
500
249
500
250
500
251
500
252
500
253
500
254
500
255
500
256
500
257
500
258
500
259
500
260
500
261
500
262
500
263
500
264
500
265
500
266
500
267
500
268
500
269
500
270
500
271
500
272
500
273
500
274
500
275
500
276
500
277
500
278
500
279
500
280
500
281
500
282
500
283
500
284
500
285
500
286
500
287
500
288
500
289
500
290
500
291
500
292
500
293
500
294
500
295
500
296
500
297
500
298
500
299
500
300
500
301
500
302
500
303
500
304
500
305
500
306
500
307
500
308
500
309
500
310
500
311
500
312
500
313
500
314
500
315
500
316
500
317
500
318
500
319
500
320
500
321
500
322
500
323
500
324
500
325
500
326
500
327
500
328
500
329
500
330
500
331
500
332
500
333
500
334
500
335
500
336
500
337
500
338
500
339
500
340
500
341
500
342
500
343
500
344
500
345
500
346
500
347
500
348
500
349
500
350
500
351
500
352
500
353
500
354
500
355
500
356
500
357
500
358
500
359
500
360
500
361
500
362
500
363
500
364
500
365
500
366
500
367
500
368
500
369
500
370
500
371
500
372
500
373
500
374
500
375
500
376
500
377
500
378
500
379
500
380
500
381
500
382
500
383
500
384
500
385
500
386
500
387
500
388
500
389
500
390
500
391
500
392
500
393
500
394
500
395
500
396
500
397
500
398
500
399
500
400
500
401
500
402
500
403
500
404
500
405
500
406
500
407
500
408
500
409
500
410
500
411
500
412
500
413
500
414
500
415
500
416
500
417
500
418
500
419
500
420
500
421
500
422
500
423
500
424
500
425
500
426
500
427
500
428
500
429
500
430
500
431
500
432
500
433
500
434
500
435
500
436
500
437
500
438
500
439
500
440
500
441
500
442
500
443
500
444
500
445
500
446
500
447
500
448
500
449
500
450
500
451
500
452
500
453
500
454
500
455
500
456
500
457
500
458
500
459
500
460
500
461
500
462
500
463
500
464
500
465
500
466
500
467
500
468
500
469
500
470
500
471
500
472
500
473
500
474
500
475
500
476
500
477
500
478
500
479
500
480
500
481
500
482
500
483
500
484
500
485
500
486
500
487
500
488
500
489
500
490
500
491
500
492
500
493
500
494
500
495
500
496
500
497
500
498
500
499
500
500
500
501
500
502
500
503
500
504
500
505
500
506
500
507
500
508
500
509
500
510
500
511
500
512
500
513
500
514
500
515
500
516
500
517
500
518
500
519
500
520
500
521
500
522
500
523
500
524
500
525
500
526
500
527
500
528
500
529
500
530
500
531
500
532
500
533
500
534
500
535
500
536
500
537
500
538
500
539
500
540
500
541
500
542
500
543
500
544
500
545
500
546
500
547
500
548
500
549
500
550
500
551
500
552
500
553
500
554
500
555
500
556
500
557
500
558
500
559
500
560
500
561
500
562
500
563
500
564
500
565
500
566
500
567
500
568
500
569
500
570
500
571
500
572
500
573
500
574
500
575
500
576
500
577
500
578
500
579
500
580
500
581
500
582
500
583
500
584
500
585
500
586
500
587
500
588
500
589
500
590
500
591
500
592
500
593
500
594
500
595
500
596
500
597
500
598
500
599
500
600
500
601
500
602
500
603
500
604
500
605
500
606
500
607
500
608
500
609
500
610
500
611
500
612
500
613
500
614
500
615
500
616
500
617
500
618
500
619
500
620
500
621
500
622
500
623
500
624
500
625
500
626
500
627
500
628
500
629
500
630
500
631
500
632
500
633
500
634
500
635
500
636
500
637
500
638
500
639
500
640
500
641
500
642
500
643
500
644
500
645
500
646
500
647
500
648
500
649
500
650
500
651
500
652
500
653
500
654
500
655
500
656
500
657
500
658
500
659
500
660
500
661
500
662
500
663
500
664
500
665
500
666
500
667
500
668
500
669
500
670
500
671
500
672
500
673
500
674
500
675
500
676
500
677
500
678
500
679
500
680
500
681
500
682
500
683
500
684
500
685
500
686
500
687
500
688
500
689
500
690
500
691
500
692
500
693
500
694
500
695
500
696
500
697
500
698
500
699
500
700
500
701
500
702
500
703
500
704
500
705
500
706
500
707
500
708
500
709
500
710
500
711
500
712
500
713
500
714
500
715
500
716
500
717
500
718
500
719
500
720
500
721
500
722
500
723
500
724
500
725
500
726
500
727
500
728
500
729
500
730
500
731
500
732
500
733
500
734
500
735
500
736
500
737
500
738
500
739
500
740
500
741
500
742
500
743
500
744
500
745
500
746
500
747
500
748
500
749
500
750
500
751
500
752
500
753
500
754
500
755
500
756
500
757
500
758
500
759
500
760
500
761
500
762
500
763
500
764
500
765
500
766
500
767
500
768
500
769
500
770
500
771
500
772
500
773
500
774
500
775
500
776
500
777
500
778
500
779
500
780
500
781
500
782
500
783
500
784
500
785
500
786
500
787
500
788
500
789
500
790
500
791
500
792
500
793
500
794
500
795
500
796
500
797
500
798
500
799
500
800
500
801
500
802
500
803
500
804
500
805
500
806
500
807
500
808
500
809
500
810
500
811
500
812
500
813
500
814
500
815
500
816
500
817
500
818
500
819
500
820
500
821
500
822
500
823
500
824
500
825
500
826
500
827
500
828
500
829
500
830
500
831
500
832
500
833
500
834
500
835
500
836
500
837
500
838
500
839
500
840
500
841
500
842
500
843
500
844
500
845
500
846
500
847
500
848
500
849
500
850
500
851
500
852
500
853
500
854
500
855
500
856
500
857
500
858
500
859
500
860
500
861
500
862
500
863
500
864
500
865
500
866
500
867
500
868
500
869
500
870
500
871
500
872
500
873
500
874
500
875
500
876
500
877
500
878
500
879
500
880
500
881
500
882
500
883
500
884
500
885
500
886
500
887
500
888
500
889
500
890
500
891
500
892
500
893
500
894
500
895
500
896
500
897
500
898
500
899
500
900
500
901
500
902
500
903
500
904
500
905
500
906
500
907
500
908
500
909
500
910
500
911
500
912
500
913
500
914
500
915
500
916
500
917
500
918
500
919
500
920
500
921
500
922
500
923
500
924
500
925
500
926
500
927
500
928
500
929
500
930
500
931
500
932
500
933
500
934
500
935
500
936
500
937
500
938
500
939
500
940
500
941
500
942
500
943
500
944
500
945
500
946
500
947
500
948
500
949
500
950
500
951
500
952
500
953
500
954
500
955
500
956
500
957
500
958
500
959
500
960
500
961
500
962
500
963
500
964
500
965
500
966
500
967
500
968
500
969
500
970
500
971
500
972
500
973
500
974
500
975
500
976
500
977
500
978
500
979
500
980
500
981
500
982
500
983
500
984
500
985
